name: practicas_ade
channels:
  - conda-forge
  - defaults
dependencies:
  - asgiref=3.6.0=pyhd8ed1ab_0
  - backports.zoneinfo=0.2.1=py39hcbf5309_7
  - bzip2=1.0.8=h8ffe710_4
  - ca-certificates=2022.12.7=h5b45459_0
  - django=4.1.5=pyhd8ed1ab_0
  - libffi=3.4.2=h8ffe710_5
  - libsqlite=3.40.0=hcfcfb64_0
  - libzlib=1.2.13=hcfcfb64_4
  - openssl=3.0.7=hcfcfb64_2
  - pip=22.3.1=pyhd8ed1ab_0
  - python=3.9.15=h4de0772_0_cpython
  - python_abi=3.9=3_cp39
  - setuptools=66.1.1=pyhd8ed1ab_0
  - sqlparse=0.4.3=pyhd8ed1ab_0
  - tk=8.6.12=h8ffe710_0
  - typing_extensions=4.4.0=pyha770c72_0
  - tzdata=2022g=h191b570_0
  - ucrt=10.0.22621.0=h57928b3_0
  - vc=14.3=hb6edc58_10
  - vs2015_runtime=14.34.31931=h4c5c07a_10
  - wheel=0.38.4=pyhd8ed1ab_0
  - xlsxwriter=3.0.7=pyhd8ed1ab_0
  - xz=5.2.6=h8d14728_0
prefix: C:\Users\danic\miniconda3\envs\practicas_ade
